C,250
W,3
G,-17,-13,-9,-5,-1,3,0,0,0,0,0
T,15
S,60
H,60
L,40
P,0
P_F,0
F_V00,19,37,24,-26,-57,-37,11,53,61,27,-30,-87,-97,13,147,89,-63,-26,38,-132,-190,83,226,173,260,-96,-1078,-780,1394,2057,-650,13710
F_V01,19,37,24,-26,-57,-37,11,53,61,27,-30,-87,-97,13,147,89,-63,-26,38,-132,-190,83,226,173,260,-96,-1078,-780,1394,2057,-650,13710
F_V02,19,37,24,-26,-57,-37,11,53,61,27,-30,-87,-97,13,147,89,-63,-26,38,-132,-190,83,226,173,260,-96,-1078,-780,1394,2057,-650,13710
F_V03,19,37,24,-26,-57,-37,11,53,61,27,-30,-87,-97,13,147,89,-63,-26,38,-132,-190,83,226,173,260,-96,-1078,-780,1394,2057,-650,13710
F_V04,19,37,24,-26,-57,-37,11,53,61,27,-30,-87,-97,13,147,89,-63,-26,38,-132,-190,83,226,173,260,-96,-1078,-780,1394,2057,-650,13710
F_V05,19,37,24,-26,-57,-37,11,53,61,27,-30,-87,-97,13,147,89,-63,-26,38,-132,-190,83,226,173,260,-96,-1078,-780,1394,2057,-650,13710
F_V06,19,37,24,-26,-57,-37,11,53,61,27,-30,-87,-97,13,147,89,-63,-26,38,-132,-190,83,226,173,260,-96,-1078,-780,1394,2057,-650,13710
F_V07,19,37,24,-26,-57,-37,11,53,61,27,-30,-87,-97,13,147,89,-63,-26,38,-132,-190,83,226,173,260,-96,-1078,-780,1394,2057,-650,13710
F_V08,19,37,24,-26,-57,-37,11,53,61,27,-30,-87,-97,13,147,89,-63,-26,38,-132,-190,83,226,173,260,-96,-1078,-780,1394,2057,-650,13710
F_V09,19,37,24,-26,-57,-37,11,53,61,27,-30,-87,-97,13,147,89,-63,-26,38,-132,-190,83,226,173,260,-96,-1078,-780,1394,2057,-650,13710
F_V10,19,37,24,-26,-57,-37,11,53,61,27,-30,-87,-97,13,147,89,-63,-26,38,-132,-190,83,226,173,260,-96,-1078,-780,1394,2057,-650,13710
R_1,0
R_2,0
R_3,0
R_4,0
U,1
