C,0
W,3
G,-12,-8,-4,0,4,8,0,0,0,0,0
T,18
S,60
H,60
L,90
P,0
P_F,0
F_V00,22,13,39,16,12,19,8,-33,0,-21,-73,-83,-61,-28,-18,92,72,15,18,28,55,-60,-45,293,-90,-386,1065,-667,1086,98,615,8615
F_V01,22,13,39,16,12,19,8,-33,0,-21,-73,-83,-61,-28,-18,92,72,15,18,28,55,-60,-45,293,-90,-386,1065,-667,1086,98,615,8615
F_V02,22,13,39,16,12,19,8,-33,0,-21,-73,-83,-61,-28,-18,92,72,15,18,28,55,-60,-45,293,-90,-386,1065,-667,1086,98,615,8615
F_V03,22,13,39,16,12,19,8,-33,0,-21,-73,-83,-61,-28,-18,92,72,15,18,28,55,-60,-45,293,-90,-386,1065,-667,1086,98,615,8615
F_V04,22,13,39,16,12,19,8,-33,0,-21,-73,-83,-61,-28,-18,92,72,15,18,28,55,-60,-45,293,-90,-386,1065,-667,1086,98,615,8615
F_V05,22,13,39,16,12,19,8,-33,0,-21,-73,-83,-61,-28,-18,92,72,15,18,28,55,-60,-45,293,-90,-386,1065,-667,1086,98,615,8615
F_V06,22,13,39,16,12,19,8,-33,0,-21,-73,-83,-61,-28,-18,92,72,15,18,28,55,-60,-45,293,-90,-386,1065,-667,1086,98,615,8615
F_V07,22,13,39,16,12,19,8,-33,0,-21,-73,-83,-61,-28,-18,92,72,15,18,28,55,-60,-45,293,-90,-386,1065,-667,1086,98,615,8615
F_V08,22,13,39,16,12,19,8,-33,0,-21,-73,-83,-61,-28,-18,92,72,15,18,28,55,-60,-45,293,-90,-386,1065,-667,1086,98,615,8615
F_V09,22,13,39,16,12,19,8,-33,0,-21,-73,-83,-61,-28,-18,92,72,15,18,28,55,-60,-45,293,-90,-386,1065,-667,1086,98,615,8615
F_V10,22,13,39,16,12,19,8,-33,0,-21,-73,-83,-61,-28,-18,92,72,15,18,28,55,-60,-45,293,-90,-386,1065,-667,1086,98,615,8615
R_1,0
R_2,0
R_3,0
R_4,0
U,1
