C,0
W,3
G,-18,-14,-10,-6,-2,2,0,0,0,0,0
T,10
S,70
H,65
L,60
P,30
P_F,7200
F_V00,0,0,0,0,0,0,0,0,0,0,0,0,0,0,0,0,0,0,0,0,0,0,0,0,0,0,0,0,0,0,0,16384
F_V01,0,0,0,0,0,0,0,0,0,0,0,0,0,0,0,0,0,0,0,0,0,0,0,0,0,0,0,0,0,0,0,16384
F_V02,0,0,0,0,0,0,0,0,0,0,0,0,0,0,0,0,0,0,0,0,0,0,0,0,0,0,0,0,0,0,0,16384
F_V03,0,0,0,0,0,0,0,0,0,0,0,0,0,0,0,0,0,0,0,0,0,0,0,0,0,0,0,0,0,0,0,16384
F_V04,0,0,0,0,0,0,0,0,0,0,0,0,0,0,0,0,0,0,0,0,0,0,0,0,0,0,0,0,0,0,0,16384
F_V05,0,0,0,0,0,0,0,0,0,0,0,0,0,0,0,0,0,0,0,0,0,0,0,0,0,0,0,0,0,0,0,16384
F_V06,19,37,24,-26,-57,-37,11,53,61,27,-30,-87,-97,13,147,89,-63,-26,38,-132,-190,83,226,173,260,-96,-1078,-780,1394,2057,-650,13710
F_V07,19,37,24,-26,-57,-37,11,53,61,27,-30,-87,-97,13,147,89,-63,-26,38,-132,-190,83,226,173,260,-96,-1078,-780,1394,2057,-650,13710
F_V08,19,37,24,-26,-57,-37,11,53,61,27,-30,-87,-97,13,147,89,-63,-26,38,-132,-190,83,226,173,260,-96,-1078,-780,1394,2057,-650,13710
F_V09,19,37,24,-26,-57,-37,11,53,61,27,-30,-87,-97,13,147,89,-63,-26,38,-132,-190,83,226,173,260,-96,-1078,-780,1394,2057,-650,13710
F_V10,19,37,24,-26,-57,-37,11,53,61,27,-30,-87,-97,13,147,89,-63,-26,38,-132,-190,83,226,173,260,-96,-1078,-780,1394,2057,-650,13710
R_1,0
R_2,0
R_3,0
R_4,0
U,1
