C,0
W,3
G,-15,-11,-7,-3,1,5,0,0,0,0,0
T,21
S,60
H,60
L,90
P,0
P_F,0
F_V00,76,10,61,0,4,-92,-44,-70,-33,-107,-80,-98,31,55,107,68,145,90,43,-28,79,10,-24,-118,-213,-55,-115,-211,277,-495,2812,8604
F_V01,76,10,61,0,4,-92,-44,-70,-33,-107,-80,-98,31,55,107,68,145,90,43,-28,79,10,-24,-118,-213,-55,-115,-211,277,-495,2812,8604
F_V02,76,10,61,0,4,-92,-44,-70,-33,-107,-80,-98,31,55,107,68,145,90,43,-28,79,10,-24,-118,-213,-55,-115,-211,277,-495,2812,8604
F_V03,76,10,61,0,4,-92,-44,-70,-33,-107,-80,-98,31,55,107,68,145,90,43,-28,79,10,-24,-118,-213,-55,-115,-211,277,-495,2812,8604
F_V04,76,10,61,0,4,-92,-44,-70,-33,-107,-80,-98,31,55,107,68,145,90,43,-28,79,10,-24,-118,-213,-55,-115,-211,277,-495,2812,8604
F_V05,76,10,61,0,4,-92,-44,-70,-33,-107,-80,-98,31,55,107,68,145,90,43,-28,79,10,-24,-118,-213,-55,-115,-211,277,-495,2812,8604
F_V06,76,10,61,0,4,-92,-44,-70,-33,-107,-80,-98,31,55,107,68,145,90,43,-28,79,10,-24,-118,-213,-55,-115,-211,277,-495,2812,8604
F_V07,76,10,61,0,4,-92,-44,-70,-33,-107,-80,-98,31,55,107,68,145,90,43,-28,79,10,-24,-118,-213,-55,-115,-211,277,-495,2812,8604
F_V08,76,10,61,0,4,-92,-44,-70,-33,-107,-80,-98,31,55,107,68,145,90,43,-28,79,10,-24,-118,-213,-55,-115,-211,277,-495,2812,8604
F_V09,76,10,61,0,4,-92,-44,-70,-33,-107,-80,-98,31,55,107,68,145,90,43,-28,79,10,-24,-118,-213,-55,-115,-211,277,-495,2812,8604
F_V10,76,10,61,0,4,-92,-44,-70,-33,-107,-80,-98,31,55,107,68,145,90,43,-28,79,10,-24,-118,-213,-55,-115,-211,277,-495,2812,8604
R_1,0
R_2,0
R_3,0
R_4,0
U,1
