C,0
W,7
G,-19,-15,-11,-7,-3,1,0,0,0,0,0
T,15
S,85
H,65
L,40
P,0
P_F,0
F_V00,1,-7,10,-7,1,-3,10,-13,5,6,-3,-15,30,-20,-9,29,-7,-42,66,-26,-47,74,-1,-117,149,-21,-170,189,150,-800,1450,14663
F_V01,1,-7,10,-7,1,-3,10,-13,5,6,-3,-15,30,-20,-9,29,-7,-42,66,-26,-47,74,-1,-117,149,-21,-170,189,150,-800,1450,14663
F_V02,1,-7,10,-7,1,-3,10,-13,5,6,-3,-15,30,-20,-9,29,-7,-42,66,-26,-47,74,-1,-117,149,-21,-170,189,150,-800,1450,14663
F_V03,1,-7,10,-7,1,-3,10,-13,5,6,-3,-15,30,-20,-9,29,-7,-42,66,-26,-47,74,-1,-117,149,-21,-170,189,150,-800,1450,14663
F_V04,1,-7,10,-7,1,-3,10,-13,5,6,-3,-15,30,-20,-9,29,-7,-42,66,-26,-47,74,-1,-117,149,-21,-170,189,150,-800,1450,14663
F_V05,1,-7,10,-7,1,-3,10,-13,5,6,-3,-15,30,-20,-9,29,-7,-42,66,-26,-47,74,-1,-117,149,-21,-170,189,150,-800,1450,14663
F_V06,1,-7,10,-7,1,-3,10,-13,5,6,-3,-15,30,-20,-9,29,-7,-42,66,-26,-47,74,-1,-117,149,-21,-170,189,150,-800,1450,14663
F_V07,1,-7,10,-7,1,-3,10,-13,5,6,-3,-15,30,-20,-9,29,-7,-42,66,-26,-47,74,-1,-117,149,-21,-170,189,150,-800,1450,14663
F_V08,1,-7,10,-7,1,-3,10,-13,5,6,-3,-15,30,-20,-9,29,-7,-42,66,-26,-47,74,-1,-117,149,-21,-170,189,150,-800,1450,14663
F_V09,1,-7,10,-7,1,-3,10,-13,5,6,-3,-15,30,-20,-9,29,-7,-42,66,-26,-47,74,-1,-117,149,-21,-170,189,150,-800,1450,14663
F_V10,1,-7,10,-7,1,-3,10,-13,5,6,-3,-15,30,-20,-9,29,-7,-42,66,-26,-47,74,-1,-117,149,-21,-170,189,150,-800,1450,14663
R_1,0
R_2,0
R_3,0
R_4,0
U,1
