C,0
W,8
G,-15,-11,-7,-3,1,5,0,0,0,0,0
T,18
S,60
H,62
L,75
P,0
P_F,0
F_V00,-86,-33,20,59,104,168,228,279,288,240,208,205,181,107,-26,-170,-264,-220,-228,-402,-377,-358,-460,-185,24,119,160,-588,-14,1934,562,14826
F_V01,-86,-33,20,59,104,168,228,279,288,240,208,205,181,107,-26,-170,-264,-220,-228,-402,-377,-358,-460,-185,24,119,160,-588,-14,1934,562,14826
F_V02,-86,-33,20,59,104,168,228,279,288,240,208,205,181,107,-26,-170,-264,-220,-228,-402,-377,-358,-460,-185,24,119,160,-588,-14,1934,562,14826
F_V03,-86,-33,20,59,104,168,228,279,288,240,208,205,181,107,-26,-170,-264,-220,-228,-402,-377,-358,-460,-185,24,119,160,-588,-14,1934,562,14826
F_V04,-86,-33,20,59,104,168,228,279,288,240,208,205,181,107,-26,-170,-264,-220,-228,-402,-377,-358,-460,-185,24,119,160,-588,-14,1934,562,14826
F_V05,-86,-33,20,59,104,168,228,279,288,240,208,205,181,107,-26,-170,-264,-220,-228,-402,-377,-358,-460,-185,24,119,160,-588,-14,1934,562,14826
F_V06,-86,-33,20,59,104,168,228,279,288,240,208,205,181,107,-26,-170,-264,-220,-228,-402,-377,-358,-460,-185,24,119,160,-588,-14,1934,562,14826
F_V07,-86,-33,20,59,104,168,228,279,288,240,208,205,181,107,-26,-170,-264,-220,-228,-402,-377,-358,-460,-185,24,119,160,-588,-14,1934,562,14826
F_V08,-86,-33,20,59,104,168,228,279,288,240,208,205,181,107,-26,-170,-264,-220,-228,-402,-377,-358,-460,-185,24,119,160,-588,-14,1934,562,14826
F_V09,-86,-33,20,59,104,168,228,279,288,240,208,205,181,107,-26,-170,-264,-220,-228,-402,-377,-358,-460,-185,24,119,160,-588,-14,1934,562,14826
F_V10,-86,-33,20,59,104,168,228,279,288,240,208,205,181,107,-26,-170,-264,-220,-228,-402,-377,-358,-460,-185,24,119,160,-588,-14,1934,562,14826
R_1,0
R_2,0
R_3,0
R_4,0
U,1
