C,0
W,7
G,-16,-12,-8,-4,0,4,0,0,0,0,0
T,15
S,85
H,65
L,40
P,0
P_F,0
F_V00,41,-39,47,-8,37,69,18,5,-119,-58,-76,-43,151,50,9,-48,-154,-140,36,-10,85,-269,-327,-758,-281,-327,-191,431,22,-2220,1309,9448
F_V01,41,-39,47,-8,37,69,18,5,-119,-58,-76,-43,151,50,9,-48,-154,-140,36,-10,85,-269,-327,-758,-281,-327,-191,431,22,-2220,1309,9448
F_V02,41,-39,47,-8,37,69,18,5,-119,-58,-76,-43,151,50,9,-48,-154,-140,36,-10,85,-269,-327,-758,-281,-327,-191,431,22,-2220,1309,9448
F_V03,41,-39,47,-8,37,69,18,5,-119,-58,-76,-43,151,50,9,-48,-154,-140,36,-10,85,-269,-327,-758,-281,-327,-191,431,22,-2220,1309,9448
F_V04,41,-39,47,-8,37,69,18,5,-119,-58,-76,-43,151,50,9,-48,-154,-140,36,-10,85,-269,-327,-758,-281,-327,-191,431,22,-2220,1309,9448
F_V05,41,-39,47,-8,37,69,18,5,-119,-58,-76,-43,151,50,9,-48,-154,-140,36,-10,85,-269,-327,-758,-281,-327,-191,431,22,-2220,1309,9448
F_V06,41,-39,47,-8,37,69,18,5,-119,-58,-76,-43,151,50,9,-48,-154,-140,36,-10,85,-269,-327,-758,-281,-327,-191,431,22,-2220,1309,9448
F_V07,41,-39,47,-8,37,69,18,5,-119,-58,-76,-43,151,50,9,-48,-154,-140,36,-10,85,-269,-327,-758,-281,-327,-191,431,22,-2220,1309,9448
F_V08,41,-39,47,-8,37,69,18,5,-119,-58,-76,-43,151,50,9,-48,-154,-140,36,-10,85,-269,-327,-758,-281,-327,-191,431,22,-2220,1309,9448
F_V09,41,-39,47,-8,37,69,18,5,-119,-58,-76,-43,151,50,9,-48,-154,-140,36,-10,85,-269,-327,-758,-281,-327,-191,431,22,-2220,1309,9448
F_V10,41,-39,47,-8,37,69,18,5,-119,-58,-76,-43,151,50,9,-48,-154,-140,36,-10,85,-269,-327,-758,-281,-327,-191,431,22,-2220,1309,9448
R_1,0
R_2,0
R_3,0
R_4,0
U,1
